9.849951597289448024e-01 1.280956447480785694e-03 5.781661479530764147e-01 5.626292806251436129e-01 3.877701375245579674e-01 5.794466403162055190e-01 6.598984771573603858e-01 1.931379231992728929e-01 4.444991385675609030e-01 2.922636103151862730e-01
2.330590513068731828e-01 1.473099914602903418e-02 1.809911419679195721e-01 9.193288899103654876e-02 9.747053045186639952e-01 3.038208168642951290e-01 5.076142131979695105e-01 9.468302658486708046e-01 2.293871523504799337e-01 9.555873925501432442e-01
5.389641819941917156e-01 6.682322801024764836e-01 7.186976298779027550e-01 1.668581935187313237e-01 5.132612966601178828e-01 4.366271409749670762e-01 8.114575779550399215e-01 4.135423767325607791e-01 4.843711543194683666e-01 3.880133715377268588e-01
3.673765730880929059e-01 7.852263023057216573e-01 9.087862101987072005e-01 2.312112158124569050e-01 7.202848722986247010e-01 2.793148880105401632e-01 9.518975102731448423e-01 2.260849806862076927e-01 2.195422101895151412e-01 3.323782234957020076e-01
1.161665053242981610e-01 1.829632792485055559e-01 7.842949485276514698e-01 6.207768329119742745e-01 6.866404715127701897e-01 2.874835309617918555e-01 6.937394247038917161e-01 1.870029538741195263e-01 8.833374353925670386e-01 6.960362941738299503e-01
4.893514036786060228e-01 4.818531169940222236e-01 8.367249221929614622e-01 4.401287060445874255e-01 5.358546168958742140e-01 2.060606060606060552e-01 1.298042059463379305e-01 7.496023630992956210e-01 7.211420132906719571e-01 4.711079274116523607e-01
4.893514036786060228e-01 6.310845431255337479e-01 5.796025855877423583e-01 4.261089404734543784e-01 8.546168958742632327e-02 2.176548089591567869e-01 6.954314720812182493e-01 8.425357873210633786e-01 3.997046517351710571e-01 3.951766953199618015e-01
3.719748305905130614e-01 1.133646456020495352e-01 7.098395977974623072e-01 8.510687198345208149e-01 4.747053045186640508e-01 4.134387351778656128e-01 4.056079284505680338e-01 7.607361963190184539e-01 1.471818853064238153e-01 3.531518624641833970e-01
5.007260406582768608e-01 6.349274124679761266e-01 3.035671534594206467e-01 4.640312571822569621e-01 5.594302554027504870e-01 5.098814229249012397e-01 4.234952864394488925e-01 3.942285844126334760e-01 4.262859955697760328e-01 5.795128939828080306e-01
6.248789932236205047e-01 6.201964133219470821e-01 7.040938472587982000e-01 3.803723282004137229e-01 4.211689587426326042e-01 4.600790513833992179e-01 3.584723229393280142e-01 4.403544648943422124e-01 5.754368693083927733e-01 5.740210124164278893e-01
3.363988383349467703e-01 5.892399658411614505e-01 5.580560210677519839e-01 5.846931739829923647e-01 4.941060903732809595e-01 5.396574440052700483e-01 4.080251389896060177e-01 3.680981595092024383e-01 5.678070391336450529e-01 3.975644699140400973e-01
5.082284607938044596e-01 5.279675491033304358e-01 4.697151065357912381e-01 6.012410940013790395e-01 7.033398821218074248e-01 4.650856389986824935e-01 4.133430021754894712e-01 2.942513065212451484e-01 4.243170071375830799e-01 5.150429799426934352e-01
2.899322362052275115e-01 4.850555081127241874e-01 3.507301891309552166e-01 3.833601470926223942e-01 4.120825147347740858e-01 5.494071146245059767e-01 6.366932559825960736e-01 5.703249261531470049e-01 8.348510952498153781e-01 2.514326647564469885e-01
3.748789932236205047e-01 6.116567036720751416e-01 3.555183145798420097e-01 5.888301539875890889e-01 4.990176817288801692e-01 5.554677206851119653e-01 6.144549190234469549e-01 4.887525562372188048e-01 3.785380260890967019e-01 5.341451766953199121e-01
5.522749273959342009e-01 8.027327070879589632e-01 3.121857792674168075e-01 4.787405194208227965e-01 5.508349705304518285e-01 2.266139657444005140e-01 4.977036499879139431e-01 4.130879345603272190e-01 6.133398966281072839e-01 4.161891117478510038e-01
5.166989351403679098e-01 3.847139197267293032e-01 5.714627723246349378e-01 4.017467248908296873e-01 6.606090373280942840e-01 7.056653491436100101e-01 4.655547498187092015e-01 4.167234719381958663e-01 5.500861432439084764e-01 2.848615090735434618e-01
4.695062923523717346e-01 3.221605465414175695e-01 4.378740723006943059e-01 3.500344748333716338e-01 3.919449901768172762e-01 6.150197628458498045e-01 6.630408508581097093e-01 5.441945012497160228e-01 4.984001968988432396e-01 5.783190066857688549e-01
5.975314617618586732e-01 3.070025619128949890e-01 5.137658606655494120e-01 5.761893817513215055e-01 3.511787819253437970e-01 5.741765480895916207e-01 5.723954556441865904e-01 5.139740967961826668e-01 4.905242431700713723e-01 4.169054441260744981e-01
3.954501452081316537e-01 3.277113578138343142e-01 5.460857074455350846e-01 5.575729717306366906e-01 6.343320235756385594e-01 5.254281949934124230e-01 5.694948029973411208e-01 6.673483299250170253e-01 3.748461727787349429e-01 3.364374403056351603e-01
3.966602129719264402e-01 4.278394534585824305e-01 3.813741920038304922e-01 3.695702137439669244e-01 5.333988212180746924e-01 6.036890645586298065e-01 6.132463137539280185e-01 5.810043172006361667e-01 5.884814176716711698e-01 3.517191977077364085e-01
4.453049370764762815e-01 5.256191289496157104e-01 5.623653339717500366e-01 5.106871983452080377e-01 4.398330058939096121e-01 4.885375494071146352e-01 4.631375392796712731e-01 4.548966144058168570e-01 4.329313315284272767e-01 6.334765998089780803e-01
4.704743465634075306e-01 5.789923142613151441e-01 5.788843667704093310e-01 3.971500804412778640e-01 4.656188605108054768e-01 6.395256916996047147e-01 3.480783176214648500e-01 6.219041127016586845e-01 4.698498646320453109e-01 4.489016236867239829e-01
5.021781219748305825e-01 8.185311699402220142e-01 6.128800574575054005e-01 4.502413238336014922e-01 4.147838899803536483e-01 5.615283267457180649e-01 4.740149867053420341e-01 4.989775051124744620e-01 3.593403888752153552e-01 4.914040114613180688e-01
5.559051306873185050e-01 4.985055508112724021e-01 4.761790758917883726e-01 4.700068949666743046e-01 5.368369351669941558e-01 4.803689064558629984e-01 5.293691080493111434e-01 4.580777096114519442e-01 4.289933546640413708e-01 5.257879656160457937e-01
5.699419167473378511e-01 4.560204953031596897e-01 4.673210438113478693e-01 4.647207538496897494e-01 6.222986247544204375e-01 4.276679841897232937e-01 4.892434131012811105e-01 5.430583958191320670e-01 5.205513167610140712e-01 4.684813753581661966e-01
5.788964181994191716e-01 5.798462852263023271e-01 3.909504429016040228e-01 4.808090094231211031e-01 6.225442043222003674e-01 4.972332015810276840e-01 5.114817500604302847e-01 6.164508066348557414e-01 4.841250307654442753e-01 2.827125119388729790e-01
5.423523717328170290e-01 3.953885567890691455e-01 5.638017716064160911e-01 4.490921627212134948e-01 4.894400785854616798e-01 4.252964426877470228e-01 5.322697606961566130e-01 5.900931606453079237e-01 6.431208466650258915e-01 4.940305635148041774e-01
5.188770571151984923e-01 5.068317677198975746e-01 5.058654536748863340e-01 4.640312571822569621e-01 5.390471512770137474e-01 5.602108036890645071e-01 3.599226492627508045e-01 3.865030674846625658e-01 4.880630076298301812e-01 5.448901623686723816e-01
4.593417231364956277e-01 5.358667805294620168e-01 5.685898970553028287e-01 4.302459204780510471e-01 3.722986247544204375e-01 5.259552042160737795e-01 4.467005076142132047e-01 5.053396955237445809e-01 5.650996800393797148e-01 5.496657115568290841e-01
5.329138431752178384e-01 5.251921434671220634e-01 4.560689490064639418e-01 4.787405194208227965e-01 4.599705304518664217e-01 5.794466403162055190e-01 5.184916606236402714e-01 4.239945466939332164e-01 5.559931085404873352e-01 4.847182425978987519e-01
4.837850919651500714e-01 5.134500426985482147e-01 4.553507301891309700e-01 4.247299471385888037e-01 5.690078585461689764e-01 6.102766798418972627e-01 4.326806864877930647e-01 4.003635537377868703e-01 6.000492247108047961e-01 5.293696275071633206e-01
5.079864472410454690e-01 5.002134927412468235e-01 4.510414172851328618e-01 4.199034704665594031e-01 5.446954813359528025e-01 5.760210803689064241e-01 4.766739182982837608e-01 4.578504885253351642e-01 5.338419886783165591e-01 5.690066857688633739e-01
4.440948693126814950e-01 4.784372331340734363e-01 5.338759875508738428e-01 5.258561250287290267e-01 5.279960707269155673e-01 5.293807641633728744e-01 4.508097655305777218e-01 4.158145875937286906e-01 4.777258183608171227e-01 5.582617000955110154e-01
